0 1 48
0 2 9
1 3 37
1 4 78
2 5 32
2 6 93
3 7 99
3 8 10
4 9 72
4 10 67
5 11 70
5 12 29
6 13 10
6 14 81
7 15 70
7 16 90
8 17 37
8 18 60
9 19 87
9 20 66
10 21 76
10 22 100
11 23 84
11 24 19
12 25 46
12 26 39
13 27 45
13 28 56
14 29 65
14 30 43
15 31 71
15 32 81
16 33 82
16 34 97
17 35 60
17 36 77
18 37 62
18 38 26
19 39 49
19 40 43
20 41 58
20 42 51
21 43 95
21 44 23
22 45 60
22 46 5
23 47 56
23 48 66
24 49 55
24 50 35
25 51 25
25 52 87
26 53 47
26 54 27
27 55 33
27 56 82
28 57 62
28 58 13
29 59 15
29 60 9
30 61 34
30 62 59
31 63 22
31 64 88
32 65 49
32 66 53
33 67 75
33 68 90
34 69 74
34 70 34
35 71 48
35 72 66
36 73 89
36 74 47
37 75 18
37 76 25
38 77 66
38 78 83
39 79 36
39 80 55
40 81 19
40 82 14
41 83 64
41 84 9
42 85 67
42 86 11
43 87 34
43 88 15
44 89 47
44 90 73
45 91 53
45 92 93
46 93 40
46 94 17
47 95 76
47 96 30
48 97 57
48 98 48
49 99 1
49 100 34
50 101 73
50 102 36
51 103 44
51 104 72
52 105 78
52 106 27
53 107 52
53 108 56
54 109 21
54 110 57
55 111 29
55 112 69
56 113 29
56 114 99
57 115 37
57 116 46
58 117 28
58 118 97
59 119 30
59 120 51
60 121 72
60 122 33
61 123 33
61 124 40
62 125 56
62 126 24
63 127 88
63 128 19
64 129 10
64 130 75
65 131 99
65 132 5
66 133 37
66 134 81
67 135 17
67 136 74
68 137 31
68 138 27
69 139 94
69 140 35
70 141 56
70 142 57
71 143 48
71 144 41
72 145 96
72 146 94
73 147 55
73 148 4
74 149 24
74 150 76
75 151 100
75 152 76
76 153 45
76 154 14
77 155 18
77 156 99
78 157 24
78 158 15
79 159 80
79 160 84
80 161 8
80 162 51
81 163 3
81 164 33
82 165 10
82 166 44
83 167 38
83 168 2
84 169 42
84 170 43
85 171 47
85 172 60
86 173 16
86 174 71
87 175 37
87 176 83
88 177 52
88 178 66
89 179 81
89 180 70
90 181 24
90 182 78
91 183 83
91 184 95
92 185 73
92 186 9
93 187 5
93 188 52
94 189 15
94 190 23
95 191 60
95 192 5
96 193 82
96 194 99
97 195 52
97 196 9
98 197 41
98 198 95
99 199 82
99 200 60
100 201 59
100 202 75
101 203 55
101 204 69
102 205 66
102 206 50
103 207 63
103 208 41
104 209 22
104 210 94
105 211 89
105 212 29
106 213 19
106 214 41
107 215 99
107 216 19
108 217 13
108 218 9
109 219 10
109 220 21
110 221 29
110 222 29
111 223 40
111 224 45
112 225 86
112 226 29
113 227 70
113 228 87
114 229 5
114 230 2
115 231 53
115 232 95
116 233 76
116 234 94
117 235 99
117 236 70
118 237 26
118 238 91
119 239 59
119 240 28
120 241 13
120 242 99
121 243 17
121 244 70
122 245 92
122 246 53
123 247 14
123 248 33
124 249 22
124 250 65
125 251 65
125 252 75
126 253 47
126 254 99
127 255 36
127 256 70
128 257 70
128 258 85
129 259 74
129 260 55
130 261 15
130 262 28
131 263 44
131 264 51
132 265 20
132 266 52
133 267 83
133 268 13
134 269 30
134 270 68
135 271 6
135 272 42
136 273 35
136 274 34
137 275 26
137 276 51
138 277 73
138 278 69
139 279 25
139 280 43
140 281 48
140 282 27
141 283 83
141 284 20
142 285 54
142 286 70
143 287 8
143 288 33
144 289 35
144 290 30
145 291 20
145 292 82
146 293 31
146 294 22
147 295 8
147 296 93
148 297 32
148 298 83
149 299 59
149 300 69
150 301 29
150 302 57
151 303 85
151 304 25
152 305 54
152 306 16
153 307 97
153 308 53
154 309 8
154 310 28
155 311 30
155 312 97
156 313 85
156 314 1
157 315 88
157 316 61
158 317 89
158 318 95
159 319 29
159 320 25
160 321 16
160 322 82
161 323 23
161 324 81
162 325 98
162 326 26
163 327 71
163 328 11
164 329 3
164 330 16
165 331 64
165 332 64
166 333 43
166 334 59
167 335 46
167 336 88
168 337 3
168 338 86
169 339 26
169 340 99
170 341 36
170 342 6
171 343 78
171 344 47
172 345 22
172 346 57
173 347 97
173 348 28
174 349 12
174 350 22
175 351 41
175 352 82
176 353 15
176 354 92
177 355 30
177 356 11
178 357 24
178 358 62
179 359 39
179 360 87
180 361 53
180 362 43
181 363 48
181 364 20
182 365 38
182 366 2
183 367 42
183 368 100
184 369 82
184 370 49
185 371 30
185 372 96
186 373 21
186 374 90
187 375 98
187 376 16
188 377 50
188 378 82
189 379 74
189 380 66
190 381 20
190 382 94
191 383 38
191 384 62
192 385 100
192 386 16
193 387 99
193 388 83
194 389 61
194 390 34
195 391 29
195 392 29
196 393 56
196 394 92
197 395 95
197 396 87
198 397 33
198 398 17
199 399 26
199 400 65
200 401 25
200 402 92
201 403 96
201 404 10
202 405 56
202 406 86
203 407 89
203 408 97
204 409 86
204 410 47
205 411 7
205 412 89
206 413 47
206 414 78
207 415 60
207 416 30
208 417 43
208 418 93
209 419 74
209 420 56
210 421 100
210 422 33
211 423 17
211 424 3
212 425 19
212 426 76
213 427 28
213 428 100
214 429 62
214 430 5
215 431 98
215 432 21
216 433 27
216 434 34
217 435 87
217 436 38
218 437 82
218 438 87
219 439 18
219 440 22
220 441 85
220 442 3
221 443 23
221 444 47
222 445 100
222 446 11
223 447 60
223 448 100
224 449 88
224 450 98
225 451 67
225 452 77
226 453 91
226 454 27
227 455 93
227 456 26
228 457 23
228 458 71
229 459 75
229 460 6
230 461 61
230 462 93
231 463 35
231 464 55
232 465 78
232 466 63
233 467 53
233 468 79
234 469 81
234 470 27
235 471 98
235 472 6
236 473 26
236 474 73
237 475 65
237 476 97
238 477 14
238 478 79
239 479 87
239 480 78
240 481 70
240 482 1
241 483 71
241 484 36
242 485 27
242 486 32
243 487 1
243 488 34
244 489 11
244 490 91
245 491 76
245 492 49
246 493 40
246 494 88
247 495 47
247 496 80
248 497 28
248 498 51
249 499 79
249 500 99
250 501 92
250 502 22
251 503 92
251 504 63
252 505 88
252 506 98
253 507 41
253 508 73
254 509 72
254 510 72
255 511 42
255 512 23
256 513 84
256 514 62
257 515 14
257 516 87
258 517 13
258 518 80
259 519 17
259 520 67
260 521 68
260 522 79
261 523 17
261 524 69
262 525 30
262 526 31
263 527 12
263 528 42
264 529 32
264 530 97
265 531 52
265 532 70
266 533 66
266 534 3
267 535 73
267 536 18
268 537 66
268 538 87
269 539 86
269 540 76
270 541 38
270 542 30
271 543 21
271 544 45
272 545 30
272 546 20
273 547 30
273 548 90
274 549 16
274 550 85
275 551 85
275 552 12
276 553 59
276 554 84
277 555 78
277 556 94
278 557 13
278 558 67
279 559 48
279 560 62
280 561 54
280 562 71
281 563 21
281 564 87
282 565 2
282 566 98
283 567 3
283 568 83
284 569 61
284 570 30
285 571 17
285 572 8
286 573 79
286 574 12
287 575 31
287 576 60
288 577 25
288 578 25
289 579 48
289 580 35
290 581 63
290 582 39
291 583 87
291 584 85
292 585 44
292 586 79
293 587 81
293 588 79
294 589 91
294 590 42
295 591 57
295 592 87
296 593 25
296 594 27
297 595 6
297 596 25
298 597 34
298 598 20
299 599 22
299 600 25
300 601 91
300 602 72
301 603 56
301 604 30
302 605 23
302 606 94
303 607 61
303 608 32
304 609 37
304 610 93
305 611 65
305 612 47
306 613 45
306 614 67
307 615 78
307 616 18
308 617 49
308 618 32
309 619 94
309 620 48
310 621 43
310 622 26
311 623 42
311 624 35
312 625 100
312 626 72
313 627 69
313 628 48
314 629 42
314 630 88
315 631 96
315 632 5
316 633 80
316 634 37
317 635 88
317 636 51
318 637 14
318 638 71
319 639 98
319 640 82
320 641 70
320 642 29
321 643 50
321 644 19
322 645 36
322 646 43
323 647 18
323 648 32
324 649 44
324 650 8
325 651 45
325 652 91
326 653 27
326 654 39
327 655 11
327 656 81
328 657 30
328 658 22
329 659 23
329 660 4
330 661 84
330 662 50
331 663 79
331 664 63
332 665 87
332 666 21
333 667 99
333 668 78
334 669 11
334 670 82
335 671 51
335 672 20
336 673 34
336 674 96
337 675 20
337 676 39
338 677 16
338 678 73
339 679 9
339 680 81
340 681 61
340 682 67
341 683 42
341 684 50
342 685 74
342 686 39
343 687 47
343 688 82
344 689 98
344 690 29
345 691 93
345 692 64
346 693 15
346 694 72
347 695 73
347 696 91
348 697 32
348 698 31
349 699 3
349 700 30
350 701 60
350 702 28
351 703 7
351 704 92
352 705 64
352 706 13
353 707 80
353 708 23
354 709 16
354 710 50
355 711 43
355 712 32
356 713 20
356 714 96
357 715 44
357 716 96
358 717 85
358 718 64
359 719 76
359 720 54
360 721 37
360 722 80
361 723 40
361 724 97
362 725 28
362 726 63
363 727 56
363 728 46
364 729 86
364 730 80
365 731 6
365 732 91
366 733 51
366 734 67
367 735 16
367 736 85
368 737 92
368 738 17
369 739 78
369 740 5
370 741 21
370 742 1
371 743 62
371 744 81
372 745 18
372 746 35
373 747 29
373 748 54
374 749 45
374 750 59
375 751 10
375 752 37
376 753 59
376 754 48
377 755 60
377 756 57
378 757 49
378 758 18
379 759 48
379 760 73
380 761 94
380 762 68
381 763 76
381 764 48
382 765 70
382 766 43
383 767 16
383 768 94
384 769 47
384 770 62
385 771 4
385 772 77
386 773 1
386 774 44
387 775 100
387 776 11
388 777 14
388 778 77
389 779 90
389 780 26
390 781 26
390 782 88
391 783 3
391 784 1
392 785 46
392 786 40
393 787 33
393 788 57
394 789 20
394 790 52
395 791 70
395 792 48
396 793 93
396 794 41
397 795 96
397 796 88
398 797 92
398 798 7
399 799 14
399 800 64
400 801 52
400 802 37
401 803 38
401 804 64
402 805 63
402 806 21
403 807 67
403 808 35
404 809 49
404 810 30
405 811 48
405 812 63
406 813 2
406 814 99
407 815 13
407 816 16
408 817 50
408 818 65
409 819 90
409 820 48
410 821 47
410 822 86
411 823 46
411 824 90
412 825 75
412 826 100
413 827 61
413 828 3
414 829 8
414 830 89
415 831 46
415 832 89
416 833 1
416 834 100
417 835 55
417 836 96
418 837 26
418 838 19
419 839 44
419 840 47
420 841 96
420 842 74
421 843 18
421 844 83
422 845 47
422 846 50
423 847 77
423 848 83
424 849 89
424 850 77
425 851 99
425 852 65
426 853 42
426 854 17
427 855 54
427 856 97
428 857 2
428 858 64
429 859 70
429 860 38
430 861 4
430 862 28
431 863 96
431 864 97
432 865 16
432 866 10
433 867 68
433 868 26
434 869 60
434 870 1
435 871 50
435 872 83
436 873 65
436 874 47
437 875 20
437 876 80
438 877 8
438 878 16
439 879 72
439 880 11
440 881 50
440 882 43
441 883 80
441 884 29
442 885 59
442 886 86
443 887 15
443 888 38
444 889 96
444 890 68
445 891 50
445 892 40
446 893 70
446 894 46
447 895 57
447 896 13
448 897 56
448 898 45
449 899 75
449 900 14
450 901 62
450 902 49
451 903 100
451 904 19
452 905 21
452 906 50
453 907 22
453 908 28
454 909 18
454 910 4
455 911 88
455 912 68
456 913 1
456 914 15
457 915 92
457 916 19
458 917 94
458 918 29
459 919 43
459 920 48
460 921 66
460 922 69
461 923 29
461 924 29
462 925 87
462 926 58
463 927 36
463 928 65
464 929 18
464 930 10
465 931 90
465 932 13
466 933 29
466 934 40
467 935 21
467 936 65
468 937 47
468 938 42
469 939 94
469 940 56
470 941 83
470 942 69
471 943 55
471 944 93
472 945 42
472 946 36
473 947 1
473 948 59
474 949 21
474 950 45
475 951 42
475 952 25
476 953 79
476 954 78
477 955 52
477 956 10
478 957 22
478 958 98
479 959 99
479 960 97
480 961 2
480 962 4
481 963 24
481 964 36
482 965 97
482 966 66
483 967 43
483 968 25
484 969 86
484 970 62
485 971 35
485 972 75
486 973 64
486 974 6
487 975 73
487 976 39
488 977 29
488 978 28
489 979 60
489 980 74
490 981 78
490 982 26
491 983 98
491 984 47
492 985 15
492 986 51
493 987 40
493 988 30
494 989 98
494 990 27
495 991 69
495 992 70
496 993 24
496 994 3
497 995 45
497 996 47
498 997 6
498 998 80
499 999 51
